t = 4, shortest path: [0, 2, 4, 5, 7]
Dict_edge_m: {(0, 2): 4, (2, 3): 1, (2, 4): 1, (2, 5): 2, (3, 5): 1, (4, 5): 1, (5, 7): 4}
Dict_edge_theta[edge]: {(0, 2): 0.5874722223448123, (2, 3): 1.4118725052960683, (2, 4): 2.8319814767408404, (2, 5): 1.6248265566531617, (3, 5): 4.309553435935309, (4, 5): 2.920437734083358, (5, 7): 3.621091242665872}
rewards: 19.711001904580193

Dict_edge_theta: {(0, 2): 0.2575181884538165, (2, 3): 1.4118725052960683, (2, 4): 2.8319814767408404, (2, 5): 1.334179806381355, (3, 5): 4.309553435935309, (4, 5): 2.920437734083358, (5, 7): 1.2585268938594112}
rewards:5.749374809046357
{(0, 2): 0.2075146407688163, (2, 3): 1.4118725052960683, (2, 4): 2.8319814767408404, (2, 5): 0.5363647615421903, (3, 5): 4.309553435935309, (4, 5): 2.920437734083358, (5, 7): 0.9655862348423138}
[(0, 2, {'weight': 5, 'delay-mean': 2, 'delay': 0.7001187199242701, 'llc_factor': 4.455386864456188}), (2, 3, {'weight': 2, 'delay-mean': 2, 'delay': 7.971993934336756, 'llc_factor': 3.485664569413343}), (2, 4, {'weight': 2, 'delay-mean': 5, 'delay': 0.37858581603777525, 'llc_factor': 4.905773540858116}), (2, 5, {'
Dict_edge_theta: {(0, 2): 0.14100859898847648, (2, 3): 1.4118725052960683, (2, 4): 2.8319814767408404, (2, 5): 0.5767989729849303, (3, 5): 4.309553435935309, (4, 5): 2.920437734083358, (5, 7): 0.19381667232565467}
rewards:3.5183061269702494


[(0, 2, {'weight': 5, 'delay-mean': 2, 'delay': 0.7001187199242701, 'llc_factor': 4.455386864456188}), (2, 3, {'weight': 2, 'delay-mean': 2, 'delay': 7.971993934336756, 'llc_factor': 3.485664569413343}), (2, 4, {'weight': 2, 'delay-mean': 5, 'delay': 0.37858581603777525, 'llc_factor': 4.905773540858116}), (2, 5, {'weight': 3, 'delay-mean': 2, 'delay': 2.377712862490903, 'llc_factor': 4.7495912943996}), (3, 5, {'weight': 2, 'delay-mean': 2, 'delay': 6.530149989709266, 'llc_factor': 6.3833455000525845}), (4, 5, {'weight': 2, 'delay-mean': 2, 'delay': 2.0160009625745654, 'llc_factor': 4.9942297982006325}), (5, 7, {'weight': 5, 'delay-mean': 3, 'delay': 2.6715432266311834, 'llc_factor': 7.4890058847772485})]
[(0, 2, {'weight': 5, 'delay-mean': 2, 'delay': 0.9875696561590812, 'llc_factor': 4.226388213399617}), (2, 3, {'weight': 2, 'delay-mean': 2, 'delay': 3.548804192481558, 'llc_factor': 3.287872779751855}), (2, 4, {'weight': 2, 'delay-mean': 5, 'delay': 10.238172645250463, 'llc_factor': 4.707981751196627}), (2, 5, {'weight': 3, 'delay-mean': 2, 'delay': 0.8112792397874061, 'llc_factor': 4.810347576754115}), (3, 5, {'weight': 2, 'delay-mean': 2, 'delay': 4.145344706418176, 'llc_factor': 6.185553710391096}), (4, 5, {'weight': 2, 'delay-mean': 2, 'delay': 0.34727721193686223, 'llc_factor': 4.796438008539145}), (5, 7, {'weight': 5, 'delay-mean': 3, 'delay': 4.534990515194472, 'llc_factor': 5.227396918805212})]

{(0, 2): 0.2575181884538165, (2, 3): 1.4118725052960683, (2, 4): 2.8319814767408404, (2, 5): 1.334179806381355, (3, 5): 4.309553435935309, (4, 5): 2.920437734083358, (5, 7): 1.2585268938594112}
{(0, 2): 0.2075146407688163, (2, 3): 1.4118725052960683, (2, 4): 2.8319814767408404, (2, 5): 0.5363647615421903, (3, 5): 4.309553435935309, (4, 5): 2.920437734083358, (5, 7): 0.9655862348423138}



[18  3  9 10 19 15 18 13 15 18  4 12  7  2 16  6  6, 5]