offset: 528.4202594649163


(0,4) 'llc_factor': 537.0961743064996    //the first time    m=16
      'llc_factor': 537.0936312547464    //the last time     m=16



(4,11) llc_factor': 529.0746885270685    //the first time  m=11
       llc_factor': 529.0210157471824    //the last time   m=2939








